200
6276 7805
1156 9453
1289 3063
4784 8149
709 7711
870 2405
3093 3836
2192 9179
1589 6000
4326 5760
889 7870
6869 9914
3798 6214
596 1772
3265 3429
670 2160
5810 9978
977 3455
7157 7803
4048 6169
722 6591
1449 7850
6171 8620
736 7947
4349 4778
1225 7522
6872 9396
1272 7344
2789 5180
2682 5499
6821 7334
4050 7273
6392 8432
1250 4561
953 9515
5020 5031
2178 6292
3394 8365
763 4644
8598 8812
1060 8259
383 4048
187 7584
6275 7275
4869 7049
4322 6169
3200 8526
4000 5169
3146 6996
2544 9606
3919 5879
216 3235
3766 4602
1452 3834
6579 7094
3493 3540
1774 2985
407 9758
3037 4248
5868 8689
847 8416
2606 8647
5554 8914
3751 3856
1135 6579
1006 6813
4629 9799
3007 7914
408 3645
4103 8975
1515 7593
4861 5493
1440 8429
3861 4594
8880 9068
7612 9749
2680 7158
5807 8184
1653 4265
2553 4811
2625 3442
4348 6600
4760 5178
272 886
2771 7340
830 4786
471 6263
5498 9704
1479 5881
61 5388
6897 9287
5536 6170
1753 7524
6133 7545
1963 2358
5182 9248
2828 9362
912 9443
858 7074
232 4470
2439 9212
3285 5577
1018 5989
363 6250
2330 5232
1890 3941
1455 5361
2159 3284
5597 7924
1674 6989
1120 7131
2671 6220
690 9780
162 2162
2080 6493
5314 8484
670 3514
8925 9836
1784 7943
576 3690
314 5609
1863 4954
5280 7551
1836 9787
2008 2486
6320 6454
3644 7869
1784 7079
2189 7320
3375 7003
729 8807
1579 9600
2707 6370
2501 6485
794 2960
2567 8883
3220 4161
486 6779
905 3712
3206 7686
1751 8479
685 2223
1405 8379
7703 9796
2069 2336
3952 4037
4132 6393
5411 8037
1297 8901
2864 6875
107 1901
620 1666
153 254
3905 5649
2808 4570
3973 9212
3666 8738
8630 9057
3207 6540
3388 5477
4415 4868
4487 5723
7197 7437
4903 5656
3182 5921
2385 9659
370 8986
6846 9195
5413 6727
2725 3967
2042 4673
2969 3772
1344 2275
5609 6010
2150 6439
6377 6913
298 4515
420 1188
3936 5885
7348 8587
1519 9702
3194 5815
2972 6968
3259 5621
834 5825
4069 8382
549 7898
3090 9303
7662 9082
205 4070
4935 9317
3238 4417
5849 5929
3417 9935
7884 8063
1258 7686
8310 9861
311 5795
3601 4633
3426 9293
