3000
135 831
122 632
248 479
319 768
265 797
493 841
291 706
53 160
197 662
546 816
363 960
624 915
94 686
109 586
128 419
32 860
625 996
511 974
251 526
491 507
21 558
520 650
573 805
406 548
118 261
536 923
196 446
309 881
663 964
704 736
128 540
158 828
75 156
64 784
55 61
117 567
382 950
260 466
595 685
507 572
360 818
4 891
112 573
151 415
544 755
443 938
20 984
36 434
640 957
125 399
498 873
365 380
390 553
381 962
188 604
108 166
150 986
431 819
282 467
481 676
83 932
485 683
370 845
677 853
279 843
132 644
332 818
358 727
16 469
77 219
266 909
168 337
363 433
155 404
746 988
439 837
460 631
400 580
131 684
539 775
109 782
308 991
402 769
62 212
441 617
40 44
109 818
612 993
28 564
128 422
72 899
139 660
159 904
722 752
247 608
281 600
216 391
455 673
148 485
114 343
205 498
538 936
7 891
556 841
542 906
323 373
348 546
753 860
204 767
149 831
357 631
567 590
630 646
233 601
77 582
556 962
303 516
357 981
398 753
772 851
156 582
444 640
49 227
127 555
303 372
23 992
32 552
190 760
243 586
41 637
3 116
154 514
51 830
676 739
0 456
272 506
419 439
186 237
274 695
353 988
241 518
145 959
499 813
420 669
138 691
157 704
220 989
42 345
108 519
510 828
620 959
461 557
695 873
66 522
186 358
235 888
432 499
253 793
415 675
225 322
610 658
370 560
890 941
434 810
10 891
413 787
421 462
171 845
13 179
311 739
446 555
64 453
262 734
879 931
524 883
337 877
87 702
200 908
12 708
318 900
632 910
284 349
254 735
46 706
31 806
37 737
105 792
325 795
13 300
477 663
529 710
233 797
338 850
190 835
63 502
231 607
342 969
257 516
691 708
496 798
155 734
5 789
469 515
708 797
156 958
34 215
418 735
641 972
787 946
639 819
310 872
391 717
311 608
731 902
318 733
70 253
104 395
431 524
121 713
374 893
163 301
549 745
434 944
576 619
174 230
206 262
384 714
395 952
625 740
134 768
630 855
126 827
13 807
120 604
15 322
61 289
433 835
328 553
107 405
899 979
111 146
224 697
746 922
166 347
612 842
176 397
201 570
763 831
260 390
342 429
371 752
467 689
195 904
182 556
77 274
262 436
395 700
25 609
268 479
258 960
327 565
284 869
90 738
367 458
688 693
553 648
449 936
599 615
22 603
281 943
484 634
220 704
782 965
688 958
107 418
313 752
418 954
880 899
32 244
131 366
96 674
396 786
69 162
196 203
467 846
695 853
352 859
587 991
23 540
29 849
366 534
672 806
178 334
324 388
123 218
88 526
515 742
641 818
593 927
618 871
717 993
232 390
270 273
533 912
83 941
188 240
346 677
331 777
14 841
35 635
2 458
334 968
62 509
58 130
276 618
549 627
142 389
321 769
343 379
220 537
280 588
251 790
500 591
147 961
845 854
503 745
562 831
82 194
609 763
608 798
101 207
636 780
50 656
717 970
18 29
557 572
909 911
361 697
459 940
373 671
588 596
185 471
32 378
927 965
570 807
698 813
20 898
100 778
473 874
367 713
272 741
840 933
18 150
211 465
759 828
510 798
167 953
341 840
389 737
473 730
136 965
351 890
611 929
191 343
212 286
8 636
107 758
7 442
74 581
715 757
614 711
345 437
525 633
26 949
356 595
403 527
376 510
949 960
554 925
194 533
172 594
151 571
104 725
125 519
77 771
69 767
418 692
12 907
255 485
443 456
100 611
199 733
506 884
542 843
568 981
219 976
620 762
125 640
125 411
398 798
633 701
578 765
122 634
830 986
212 973
507 970
395 500
428 942
93 872
61 511
771 936
91 274
147 434
680 934
632 857
426 609
564 988
163 644
137 506
324 332
200 711
124 981
302 313
25 301
133 392
86 280
292 385
104 859
142 971
967 968
53 139
35 350
139 816
117 160
179 480
263 888
591 982
368 910
675 832
102 116
426 622
122 997
224 487
345 368
264 443
63 161
183 226
363 422
500 836
507 695
101 910
966 980
2 559
733 778
206 209
372 507
208 664
247 921
230 423
602 969
173 706
117 137
246 547
234 393
466 779
735 824
332 699
86 149
168 447
247 777
574 906
666 989
768 857
22 658
366 468
248 821
731 826
230 544
70 177
617 724
288 485
391 906
606 831
472 751
142 696
330 667
13 960
284 371
287 934
56 98
228 619
239 628
146 437
107 329
152 480
565 649
392 727
705 809
183 324
422 606
440 654
445 998
131 951
654 992
434 580
303 914
165 306
314 923
109 640
415 975
260 952
418 492
50 999
261 508
614 812
236 860
257 803
558 731
68 638
219 282
108 531
631 721
32 950
255 321
39 580
355 408
801 903
621 707
346 588
289 871
93 142
469 658
185 899
154 274
19 229
93 178
363 942
295 887
711 865
302 666
547 879
259 741
239 497
973 987
69 580
511 547
283 689
523 750
369 692
124 287
65 875
734 970
408 540
327 466
621 684
17 655
578 951
156 584
451 767
9 422
114 587
167 599
164 853
426 710
366 808
400 572
386 408
430 680
924 986
444 498
829 834
254 603
214 301
7 88
282 701
209 488
159 896
782 987
322 365
734 947
22 890
651 949
458 783
94 766
192 255
11 997
256 648
376 601
288 717
401 923
98 885
165 646
364 855
893 976
43 540
188 815
16 294
95 587
477 652
528 963
68 304
25 608
162 268
164 457
323 859
484 813
229 294
434 812
115 946
787 850
263 701
349 853
610 745
21 530
200 910
132 855
622 719
352 858
227 369
849 910
586 945
607 739
235 867
410 719
204 471
239 837
96 300
396 412
86 515
251 848
492 645
134 937
398 601
236 539
505 584
528 976
381 777
119 777
120 364
686 775
366 425
65 168
587 918
185 987
312 799
385 783
513 560
150 886
209 972
780 824
150 657
20 956
221 946
640 929
204 893
89 906
725 973
114 819
403 693
475 798
709 885
58 924
875 917
31 412
13 135
317 626
436 726
949 982
119 790
562 722
661 844
76 828
451 891
255 916
554 983
6 769
621 893
41 318
672 975
518 917
472 541
337 990
119 273
164 653
678 874
743 891
277 301
202 536
516 583
413 756
42 929
113 315
173 329
43 399
645 733
196 578
169 624
294 884
469 736
836 938
360 829
541 761
192 464
538 872
265 448
419 506
678 766
406 981
359 757
141 418
554 587
73 134
893 956
731 894
752 837
367 846
436 451
184 990
739 754
318 352
10 199
418 439
280 963
119 780
309 532
635 782
501 702
699 946
178 457
190 660
175 797
334 970
166 977
31 932
562 797
543 555
485 730
338 531
392 651
93 763
503 747
166 833
674 974
429 569
203 751
740 839
738 995
170 574
579 742
470 835
356 584
616 889
581 968
488 740
587 862
81 236
172 354
364 524
777 879
296 426
395 548
520 808
120 429
43 883
379 689
165 351
119 384
743 822
452 938
128 963
65 269
449 869
582 904
424 467
67 724
139 563
95 148
60 419
165 472
47 71
86 328
629 692
333 550
227 303
639 742
732 933
135 714
54 726
597 745
308 642
716 845
354 529
173 188
431 712
116 557
91 155
294 743
608 790
649 791
596 636
159 555
220 385
775 787
338 786
546 555
162 709
367 849
762 933
636 857
285 779
104 704
130 613
437 913
377 633
535 927
507 828
20 481
607 915
124 718
106 255
109 675
128 688
219 955
22 32
694 919
145 597
283 976
430 617
268 847
172 730
85 582
107 112
142 973
572 706
64 644
6 294
418 913
91 518
22 647
316 865
815 957
708 831
614 824
678 988
431 702
879 978
109 688
127 556
327 730
45 523
394 411
81 854
33 814
294 818
60 651
455 772
11 646
689 710
248 293
706 799
62 697
297 600
778 787
814 826
27 101
157 705
338 488
452 473
183 614
65 887
694 909
374 410
485 772
6 163
376 865
1 722
59 520
179 436
445 735
74 154
813 902
424 941
71 265
563 956
186 215
7 738
81 687
197 898
459 755
36 801
399 624
32 193
784 960
160 458
81 314
339 838
495 677
316 446
152 603
147 259
284 759
50 592
384 846
259 357
700 737
222 518
596 616
7 221
132 481
346 590
426 470
537 795
55 526
169 548
365 868
212 775
467 736
11 456
512 887
16 571
63 503
587 917
7 342
439 939
286 431
35 669
491 720
358 456
776 969
274 722
891 919
751 796
120 664
180 944
777 934
309 420
328 433
685 936
195 843
47 679
337 518
199 813
48 235
81 183
217 718
655 684
446 690
70 110
263 425
417 483
368 627
302 416
31 676
474 608
91 727
681 858
385 530
128 874
311 501
223 617
439 507
736 873
96 433
742 953
288 454
72 484
104 553
523 994
22 483
681 979
465 680
626 634
417 640
356 773
193 895
267 781
470 615
213 581
505 838
237 529
644 767
670 905
321 937
624 709
485 896
101 375
0 558
199 538
265 712
31 545
80 172
466 473
203 508
750 906
89 257
535 838
389 555
12 159
194 953
424 512
132 978
133 943
35 142
374 511
6 493
666 948
201 211
133 305
43 411
636 925
66 660
30 966
266 834
347 679
243 701
691 977
111 402
547 969
140 694
119 671
161 259
405 885
9 885
221 310
399 725
131 645
47 911
665 695
536 959
811 898
601 796
114 412
228 434
21 221
25 600
280 481
31 414
372 564
211 381
127 876
383 573
377 413
300 804
796 891
668 971
32 644
179 514
399 846
158 491
220 286
115 758
112 115
267 892
591 607
468 653
312 814
97 889
352 441
102 595
661 967
120 320
25 348
7 34
65 533
229 901
23 158
677 768
377 390
418 428
160 392
514 890
45 591
42 931
688 697
580 606
332 504
98 337
611 822
339 363
122 923
151 163
395 560
367 727
6 339
527 599
419 508
524 939
106 951
84 524
242 732
624 797
362 648
218 338
484 494
290 363
392 676
30 403
489 874
476 526
408 620
132 307
81 899
128 831
229 505
449 508
63 64
67 592
28 106
106 434
52 463
447 584
321 508
420 859
114 258
581 813
786 916
369 893
564 760
216 571
58 134
649 947
29 336
222 465
121 419
723 753
321 593
240 519
59 444
260 348
8 807
307 954
435 465
280 448
229 891
370 750
570 775
357 402
396 659
71 948
39 650
433 806
593 944
580 825
840 901
472 883
731 994
248 760
326 945
127 470
789 855
720 984
10 708
56 675
219 473
132 176
779 890
357 523
395 635
1 479
182 262
500 837
594 615
606 855
293 358
284 804
90 673
212 699
493 798
77 474
537 575
147 569
133 671
473 819
199 616
71 696
236 992
28 734
102 683
16 351
38 110
52 682
211 855
20 241
853 996
221 231
560 600
598 855
166 969
112 998
170 265
473 940
667 842
823 830
94 126
466 672
337 936
259 608
105 550
590 887
432 450
404 468
38 905
104 850
224 766
404 962
43 754
847 894
33 152
632 969
412 557
62 624
287 971
408 852
489 697
331 748
134 994
959 991
136 658
215 573
146 559
488 588
35 871
438 587
169 462
62 336
286 718
412 943
507 686
772 877
395 890
891 977
937 944
824 887
167 803
302 582
135 405
2 141
543 645
250 917
245 951
247 503
861 954
379 393
751 939
355 939
489 939
389 443
489 530
570 863
277 610
358 455
153 840
402 641
171 220
851 882
862 891
286 466
49 868
212 666
182 903
207 322
843 914
167 780
124 144
265 757
380 744
519 673
19 207
492 656
362 955
258 260
383 520
35 331
20 846
60 653
232 616
387 639
413 777
137 235
282 473
21 289
121 376
305 722
466 639
108 931
277 623
516 905
345 349
485 509
323 739
256 420
191 965
104 817
354 583
46 467
81 159
239 367
531 890
216 649
685 948
636 826
181 282
44 393
652 807
456 895
477 689
57 103
624 708
574 887
910 922
815 913
406 894
205 612
229 969
341 356
8 67
59 149
431 658
256 577
143 520
31 953
420 914
128 248
807 945
104 565
358 710
272 378
168 549
690 774
80 436
426 701
573 634
3 747
248 923
75 623
111 280
48 669
825 855
188 829
251 440
336 398
335 582
719 953
566 860
199 429
229 946
18 88
703 865
168 670
616 717
206 553
25 249
592 854
92 159
711 954
671 918
329 660
216 374
844 846
194 435
338 974
100 428
65 699
746 948
366 547
147 997
130 307
326 856
26 478
53 581
51 800
9 920
271 840
204 750
58 287
737 984
529 955
542 745
224 844
85 420
867 950
409 746
477 535
62 293
247 833
306 653
602 652
701 774
5 396
665 851
216 616
864 917
55 927
10 367
230 636
134 519
433 815
627 717
125 470
412 792
55 783
315 859
114 689
931 948
541 942
748 863
331 803
859 959
223 861
141 154
149 683
282 947
371 467
262 560
158 768
620 942
558 967
124 775
133 186
348 748
589 811
433 972
290 398
716 915
743 869
272 875
386 860
10 115
359 614
180 383
418 849
80 933
458 656
415 923
561 977
669 839
114 437
353 948
454 622
119 372
860 901
138 422
21 740
398 461
270 541
108 479
182 428
688 974
83 980
184 883
85 495
86 460
244 668
724 976
84 536
472 532
495 924
61 403
354 805
310 878
363 890
484 771
2 353
510 680
258 953
159 602
488 512
666 927
126 388
174 959
27 302
640 645
373 530
793 824
431 471
336 499
715 904
243 945
171 926
6 593
270 819
19 154
33 992
552 617
55 485
384 432
134 257
34 319
640 995
306 741
427 622
37 553
324 646
398 595
698 973
107 123
202 540
481 858
507 996
17 989
394 710
688 928
88 146
83 934
290 918
372 579
70 357
358 644
241 733
837 907
31 514
552 774
559 899
819 975
17 207
20 770
702 984
683 705
474 711
720 852
90 685
165 221
403 916
623 919
297 526
575 879
615 686
250 939
747 991
733 827
337 827
361 955
543 932
195 743
550 562
542 558
419 487
151 178
58 365
857 978
177 316
409 559
53 695
507 865
319 665
191 745
527 843
18 408
9 854
873 959
416 863
47 880
148 932
320 895
312 891
155 190
106 377
434 508
210 614
207 874
650 806
140 784
105 863
459 946
209 246
759 978
330 801
91 290
762 983
640 877
445 867
707 787
365 529
212 436
444 822
147 944
381 882
69 387
60 796
682 959
595 811
521 633
635 655
176 864
66 992
209 403
299 705
207 442
365 650
203 817
705 835
338 404
596 928
286 851
536 617
587 699
394 533
229 847
6 164
130 496
195 854
576 811
81 194
356 807
543 899
283 594
790 919
348 574
27 488
247 528
47 991
13 181
114 901
369 862
630 903
134 587
342 765
282 485
60 521
71 796
458 976
819 955
200 272
16 451
234 939
164 349
261 956
284 531
348 924
178 778
915 928
747 935
420 540
372 500
456 871
704 744
61 229
256 288
11 637
354 631
38 511
311 898
564 706
301 741
56 644
799 837
0 749
32 701
441 720
574 755
501 771
171 896
239 356
538 689
871 978
181 909
495 956
644 670
367 807
79 669
478 903
424 932
446 462
229 693
382 935
171 343
434 982
393 801
291 524
290 708
16 176
229 320
141 356
306 652
245 413
212 236
198 597
80 196
558 760
785 808
576 814
244 978
260 428
425 910
347 582
259 698
200 383
39 200
766 794
357 446
575 934
149 417
436 510
234 641
428 506
294 426
204 798
48 105
430 961
567 850
53 220
211 248
169 431
328 833
1 438
254 884
609 703
634 876
206 578
422 468
581 870
179 332
116 770
632 686
381 695
329 505
433 742
345 629
526 790
506 546
498 871
288 998
37 333
765 806
325 391
749 947
835 907
526 646
29 514
103 463
778 781
175 568
263 452
175 339
289 324
488 799
320 577
62 956
546 889
526 682
375 778
14 470
266 871
354 575
473 526
261 347
405 657
331 442
885 965
283 780
523 612
195 667
311 469
106 854
938 976
287 786
617 661
473 876
661 847
359 891
294 416
247 570
532 962
132 583
138 663
218 915
89 621
71 344
183 585
429 726
326 979
630 716
123 125
471 988
146 374
92 174
33 762
924 933
340 504
419 797
261 360
735 774
212 504
194 944
179 672
47 107
196 761
331 540
370 797
911 972
0 706
419 918
127 252
209 291
328 391
900 962
485 720
429 968
579 647
605 785
302 518
453 916
171 938
454 503
101 873
18 201
93 115
25 97
520 942
202 287
34 331
693 870
156 665
510 934
84 417
175 535
513 939
46 570
720 743
185 319
573 989
466 863
220 542
541 777
174 346
296 946
232 287
93 995
196 450
661 958
253 346
866 918
143 623
255 801
465 494
938 943
436 696
45 811
218 882
145 669
13 370
612 958
109 603
229 519
448 935
598 614
368 863
87 435
657 700
540 789
427 503
758 868
550 839
48 592
263 517
555 954
105 983
276 456
529 636
761 793
157 764
97 484
300 929
260 627
132 707
72 805
293 624
220 411
83 671
369 799
511 703
22 575
311 449
576 869
884 985
823 975
240 654
507 589
612 791
439 491
281 542
122 289
209 294
514 750
508 590
299 596
659 988
365 541
144 393
396 794
503 740
165 861
683 707
709 845
516 530
299 452
68 519
676 933
212 978
553 862
190 810
63 706
252 605
8 919
3 575
197 440
11 21
309 767
428 718
175 538
556 724
676 789
287 599
558 913
297 649
288 680
333 831
261 546
161 230
713 972
77 874
580 708
611 924
35 90
90 700
290 874
490 899
282 870
108 196
4 633
257 962
265 408
161 845
206 996
594 992
234 686
567 895
206 358
13 229
172 216
62 759
332 354
597 774
85 971
349 672
375 810
468 480
511 850
713 805
226 458
757 991
604 898
292 403
195 879
724 814
443 572
68 100
56 800
848 886
331 739
216 938
311 946
448 506
27 104
352 389
49 617
602 866
125 792
60 546
22 254
102 134
529 616
63 817
213 496
842 847
525 991
104 589
268 840
26 898
60 811
101 434
783 877
396 617
48 428
162 450
13 736
28 715
30 230
10 172
309 734
206 721
4 852
93 435
821 845
277 781
298 575
504 909
96 855
23 456
523 922
425 536
441 889
348 661
561 805
314 519
273 667
529 593
134 180
313 560
256 843
50 595
571 855
724 948
852 954
91 367
552 576
85 287
576 790
198 838
258 889
140 488
493 792
245 690
399 519
291 428
343 704
98 262
29 428
369 576
320 720
206 469
149 838
392 745
283 838
111 991
261 670
187 721
670 689
675 804
147 648
85 444
161 174
272 536
16 430
100 838
642 892
245 667
390 527
156 180
266 497
759 924
153 965
107 998
296 605
260 911
256 303
622 626
308 350
160 186
183 993
17 552
747 806
13 173
18 102
838 924
182 619
231 395
137 468
776 949
114 713
549 641
251 984
62 968
343 838
402 887
423 681
67 903
187 819
117 266
74 533
23 976
539 978
66 300
475 993
336 798
197 374
535 864
928 938
144 713
592 760
483 853
557 802
315 860
206 953
844 981
550 763
330 351
198 720
340 624
266 595
719 800
707 746
779 851
438 558
263 971
90 634
478 630
211 515
283 540
608 825
374 658
273 755
636 807
346 596
344 635
369 808
629 884
1 561
197 207
406 875
12 427
111 549
638 889
537 657
563 795
45 869
369 435
273 876
13 657
112 550
16 662
86 906
487 921
350 952
259 425
103 586
36 496
316 550
656 735
474 758
287 523
212 758
278 932
15 64
179 432
773 911
523 879
158 229
598 793
355 923
129 580
79 988
328 789
145 933
662 814
478 993
609 659
39 277
577 706
239 976
220 734
569 851
186 741
137 556
598 914
256 656
664 896
337 730
597 806
75 352
308 703
776 808
174 623
374 648
294 539
219 774
381 507
234 345
417 875
258 293
307 823
749 939
522 897
389 404
686 999
96 151
276 347
325 648
217 557
451 873
49 564
546 616
518 634
229 531
48 748
376 550
147 461
173 599
306 634
258 594
219 486
538 877
116 510
476 902
237 391
567 940
342 413
842 879
25 99
159 328
953 975
698 722
260 639
186 839
32 781
640 865
287 369
41 48
236 632
456 964
244 407
342 799
659 771
162 868
482 958
396 397
481 584
363 894
155 865
210 386
321 897
231 823
332 497
569 589
284 951
230 980
747 861
295 960
391 668
327 912
382 619
96 262
179 376
467 663
665 678
37 292
726 923
61 649
135 598
418 807
657 823
196 465
45 561
432 970
473 593
55 983
89 338
301 523
32 627
3 829
188 237
36 597
82 564
81 748
107 886
363 583
247 817
180 727
15 165
414 665
487 649
284 964
562 828
534 995
328 481
5 236
238 444
536 775
602 986
293 868
796 851
152 520
231 813
616 920
314 698
166 949
89 171
25 681
226 362
625 825
372 416
68 642
495 895
377 494
124 314
409 563
475 508
302 320
278 637
578 749
54 600
333 689
269 524
120 810
175 517
561 961
61 495
508 955
212 813
89 593
255 891
209 515
91 788
511 587
288 515
276 461
352 908
318 952
35 972
397 687
108 584
253 822
249 443
468 747
83 905
427 449
11 916
49 125
248 563
352 800
414 632
252 862
681 896
246 639
116 938
485 692
158 297
30 111
171 910
75 793
397 435
297 497
575 850
283 562
402 513
33 796
661 773
373 864
54 181
867 878
103 860
165 277
201 874
369 601
107 601
615 742
302 431
133 510
392 999
123 954
58 336
84 474
758 827
129 625
348 663
114 496
682 688
607 923
634 648
6 145
383 657
89 439
449 602
648 811
146 421
731 931
113 918
35 324
349 749
506 992
96 340
309 713
261 636
315 378
335 585
141 491
600 776
241 923
171 370
370 579
231 384
109 395
126 856
58 84
189 238
369 434
617 685
140 382
11 497
240 469
574 723
441 459
228 989
544 551
336 522
381 673
19 586
632 929
11 353
415 851
73 593
92 692
404 958
48 240
425 901
163 752
212 528
417 897
563 951
146 928
435 765
57 999
493 892
512 905
16 589
20 34
583 785
628 707
420 678
382 386
211 504
409 785
604 844
2 281
296 499
571 667
530 666
668 865
279 675
573 856
453 940
389 812
623 713
576 638
0 442
492 904
988 991
15 750
477 924
217 556
475 851
179 938
958 968
45 858
463 617
427 923
154 536
225 825
713 908
505 879
212 626
384 589
801 877
687 855
111 430
852 959
9 648
97 266
389 560
106 580
474 747
33 367
36 930
373 844
760 961
293 406
35 556
217 304
468 789
601 824
794 959
163 827
312 541
117 860
329 630
184 657
619 877
567 687
190 700
365 552
837 956
231 243
568 768
171 952
1 46
96 958
315 996
229 664
50 433
225 285
273 999
68 301
391 991
513 688
186 213
44 209
570 813
684 835
10 216
221 436
232 674
179 519
452 677
111 384
612 815
14 222
15 187
582 643
539 718
210 771
95 970
156 571
596 843
122 578
25 991
308 934
504 580
548 686
144 682
666 907
225 527
68 543
296 587
70 998
661 828
231 835
40 72
813 962
489 987
828 941
472 934
144 574
212 220
343 640
27 812
559 938
34 299
351 909
104 394
806 815
348 983
529 915
301 679
143 205
413 969
277 959
266 541
184 359
159 186
676 970
588 857
153 371
184 624
403 811
80 795
131 352
140 846
7 582
267 887
377 493
484 656
169 644
71 832
385 613
163 686
102 819
565 580
90 436
85 92
364 410
154 866
682 756
183 255
441 779
126 538
862 952
417 422
194 264
91 666
135 852
190 559
658 664
310 475
123 240
521 924
395 519
67 345
461 464
51 629
120 171
800 833
298 586
726 804
299 322
515 849
889 947
300 403
418 953
67 201
129 670
804 988
242 318
116 996
118 511
214 219
402 944
251 632
553 588
251 403
176 638
612 674
694 972
299 708
793 951
110 692
97 344
159 176
436 942
218 454
389 867
617 874
629 699
709 957
111 773
313 728
73 252
243 663
129 827
661 916
662 881
548 630
185 578
304 944
138 503
740 800
107 744
33 566
308 505
178 804
449 889
430 467
148 552
608 882
298 985
345 917
212 802
100 103
575 970
240 900
374 571
124 954
220 513
5 588
344 957
846 975
23 493
137 515
28 837
68 644
579 860
55 445
529 859
265 929
32 727
460 796
694 926
24 723
58 636
520 661
5 215
369 986
380 507
116 577
251 622
113 917
397 447
163 280
937 949
151 943
98 937
553 843
325 427
230 455
271 456
483 635
569 787
21 281
676 770
243 882
480 566
124 702
618 945
118 213
517 633
132 642
401 687
665 876
439 570
524 757
376 630
106 769
609 981
38 900
347 981
341 672
467 897
191 584
38 491
707 878
298 301
124 185
473 827
12 618
164 715
35 601
275 848
290 482
321 964
531 545
229 323
647 985
379 676
707 770
28 827
151 668
94 134
620 738
378 567
645 651
343 466
622 784
65 750
34 354
18 489
486 743
311 662
805 905
434 998
470 655
122 466
814 990
125 737
273 635
50 743
687 769
124 692
260 287
584 793
1 850
315 897
288 880
49 598
218 964
788 937
261 517
40 140
457 837
251 589
682 955
27 615
347 971
228 376
0 863
69 468
327 992
323 613
119 963
135 413
62 200
419 846
194 319
119 554
408 428
115 929
247 331
315 874
231 386
697 796
195 320
261 494
492 772
293 297
579 840
43 680
179 312
13 20
344 528
62 550
146 809
783 835
923 995
10 274
755 773
99 468
659 805
51 311
68 480
207 824
140 734
322 482
420 788
139 360
211 385
454 637
354 470
405 781
336 910
4 208
45 209
318 404
356 659
836 967
594 796
57 857
661 706
156 570
549 910
62 563
764 835
346 996
641 764
48 893
458 648
376 695
408 827
683 995
142 299
172 779
78 772
105 646
200 389
210 253
777 895
676 992
140 603
340 628
419 921
157 921
681 698
357 717
502 955
509 851
275 684
150 244
387 745
218 787
522 561
136 754
81 818
832 866
53 985
208 630
424 483
142 505
413 739
479 684
183 313
80 300
325 891
91 724
728 750
207 261
290 933
371 629
47 797
63 104
521 573
119 642
166 345
391 692
824 839
555 980
477 615
129 463
297 950
64 333
215 731
557 760
80 686
466 987
756 826
99 556
661 817
721 868
552 910
76 801
38 317
231 595
585 715
643 805
250 990
126 658
259 550
278 563
48 595
69 160
735 924
849 909
243 950
434 667
81 134
599 734
82 624
252 510
315 975
34 59
257 625
288 729
487 938
87 150
5 260
86 334
271 416
284 435
345 939
708 762
306 602
138 646
119 367
845 996
288 850
502 922
817 934
83 301
221 680
132 831
145 950
327 661
456 546
80 146
893 929
311 573
265 722
665 921
378 599
745 950
361 695
455 559
813 941
416 976
77 527
490 696
21 712
61 519
79 982
315 664
47 355
356 436
286 637
301 537
361 551
161 377
491 926
196 829
747 852
56 440
658 774
72 268
617 742
1 244
440 551
726 914
645 840
303 582
187 636
989 995
234 339
157 613
49 293
938 949
94 673
930 945
762 952
513 922
716 756
254 582
477 968
92 111
572 748
325 462
31 244
109 429
189 272
441 673
365 763
498 798
275 497
445 908
44 564
727 743
